
Characters 44
Foods 30
Newest_Generation 1
Oldest_Generation 0
Perished 0
Newborn 14
Days 1

0 1 44 10 143
0 1 44 5 154
0 1 44 4 196
0 1 44 29 180
0 1 44 14 150
0 1 44 14 168
0 1 44 12 194
0 1 44 16 68
0 1 44 6 168
0 1 44 10 109
0 1 44 37 108
0 1 44 30 166
0 1 44 11 167
0 1 44 23 181
0 1 44 31 83
0 1 44 15 112
0 1 44 22 89
0 1 44 35 126
0 1 44 14 150
0 1 44 37 183
0 1 44 28 64
0 1 44 37 168
0 1 44 8 121
0 1 44 40 77
0 1 44 24 117
0 1 44 32 185
0 1 44 28 86
0 1 44 38 135
0 1 44 34 109
0 1 44 30 84
1 1 44 5 154
1 1 44 14 150
1 1 48 14 168
1 1 44 6 168
1 1 52 37 108
1 1 44 31 83
1 1 44 15 104
1 1 44 22 89
1 1 44 35 126
1 1 44 37 183
1 1 44 37 176
1 1 52 8 121
1 1 44 40 77
1 1 44 28 86

Characters 50
Foods 30
Newest_Generation 2
Oldest_Generation 0
Perished 14
Newborn 20
Days 2

0 1 44 5 154
0 1 44 12 194
0 1 44 10 109
0 1 44 28 64
0 1 44 6 168
0 1 44 32 185
0 1 44 37 183
0 1 44 30 84
0 1 44 24 117
0 1 44 34 109
0 1 44 37 168
0 1 44 28 86
0 1 44 31 83
0 1 44 40 77
0 1 44 14 168
0 1 44 30 166
0 1 44 35 126
0 1 44 37 108
0 1 44 29 180
0 1 44 38 135
1 1 44 5 154
1 1 44 28 86
1 1 44 35 126
1 1 44 15 104
1 1 44 37 183
1 1 44 37 176
1 1 48 14 168
1 1 44 31 83
1 1 44 40 77
1 1 44 22 89
1 1 44 6 154
1 1 44 10 109
1 1 44 6 168
1 1 48 32 185
1 1 52 37 183
1 1 44 30 84
1 1 44 24 117
1 1 44 37 168
1 1 48 31 83
1 1 44 40 77
1 1 44 30 166
1 1 44 37 116
1 1 44 29 180
1 1 44 38 139
2 1 44 5 150
2 1 44 15 100
2 1 44 37 183
2 1 44 37 176
2 1 44 41 77
2 1 44 22 97

Characters 48
Foods 30
Newest_Generation 3
Oldest_Generation 0
Perished 20
Newborn 18
Days 3

0 1 44 30 84
0 1 44 34 109
0 1 44 32 185
0 1 44 28 86
0 1 44 24 117
0 1 44 35 126
0 1 44 30 166
0 1 44 37 168
0 1 44 38 135
0 1 44 40 77
0 1 44 31 83
0 1 44 37 183
1 1 44 6 168
1 1 44 37 168
1 1 44 37 183
1 1 44 29 180
1 1 44 28 86
1 1 48 31 83
1 1 48 32 185
1 1 44 40 77
1 1 44 22 89
1 1 44 40 77
1 1 44 30 84
1 1 44 37 176
1 1 44 30 166
1 1 44 35 126
1 1 44 30 84
1 1 44 34 105
1 1 44 32 189
1 1 44 28 86
1 1 44 35 126
1 1 44 30 170
1 1 44 38 135
1 1 52 31 83
1 1 44 37 183
2 1 44 41 77
2 1 44 37 176
2 1 44 37 183
2 1 44 15 100
2 1 48 29 83
2 1 48 32 185
2 1 44 40 73
2 1 44 22 89
2 1 44 42 77
2 1 44 37 176
2 1 44 30 170
3 1 44 37 180
3 1 44 37 179

Characters 45
Foods 30
Newest_Generation 3
Oldest_Generation 0
Perished 18
Newborn 15
Days 4

0 1 44 30 84
0 1 44 34 109
0 1 44 35 126
0 1 44 28 86
0 1 44 31 83
0 1 44 38 135
0 1 44 37 168
0 1 44 40 77
0 1 44 32 185
1 1 44 22 89
1 1 48 32 185
1 1 44 30 84
1 1 44 35 126
1 1 44 35 126
1 1 44 37 183
1 1 44 37 183
1 1 44 38 135
1 1 44 30 84
1 1 52 31 83
1 1 44 37 168
1 1 44 32 189
1 1 44 30 166
1 1 44 40 77
1 1 48 31 83
1 1 44 30 84
1 1 48 35 126
1 1 48 28 86
1 1 44 31 79
1 1 44 38 143
1 1 44 42 77
2 1 44 40 73
2 1 44 37 183
2 1 44 37 176
2 1 44 30 170
2 1 48 32 185
2 1 48 29 83
2 1 48 32 189
2 1 44 28 84
2 1 44 35 122
2 1 44 37 187
2 1 44 38 127
2 1 52 30 83
3 1 44 37 183
3 1 44 37 180
3 1 48 29 75

Characters 49
Foods 30
Newest_Generation 3
Oldest_Generation 0
Perished 15
Newborn 19
Days 5

0 1 44 32 185
0 1 44 40 77
0 1 44 38 135
0 1 44 31 83
0 1 44 35 126
0 1 44 34 109
1 1 44 37 168
1 1 52 31 83
1 1 44 31 79
1 1 44 37 183
1 1 44 38 143
1 1 48 32 185
1 1 48 35 126
1 1 44 38 135
1 1 44 30 166
1 1 48 31 83
1 1 48 28 86
1 1 44 42 77
1 1 44 32 189
1 1 44 35 126
1 1 44 38 135
1 1 44 31 83
1 1 44 35 130
1 1 52 34 109
2 1 52 30 83
2 1 44 37 183
2 1 48 29 83
2 1 44 37 187
2 1 44 37 176
2 1 44 35 122
2 1 44 40 73
2 1 44 38 127
2 1 48 32 185
2 1 44 37 168
2 1 44 31 83
2 1 44 37 183
2 1 48 32 189
2 1 52 35 126
2 1 44 38 131
2 1 44 30 166
2 1 48 31 79
2 1 44 31 189
3 1 44 37 183
3 1 56 30 83
3 1 44 37 183
3 1 48 37 187
3 1 44 37 176
3 1 48 35 122
3 1 44 38 123

Characters 47
Foods 30
Newest_Generation 4
Oldest_Generation 0
Perished 19
Newborn 17
Days 6

0 1 44 38 135
0 1 44 31 83
0 1 44 40 77
0 1 44 34 109
1 1 48 28 86
1 1 44 38 135
1 1 48 31 83
1 1 44 38 143
1 1 52 34 109
1 1 44 35 130
1 1 44 35 126
1 1 44 32 189
1 1 44 38 135
1 1 44 37 183
1 1 48 32 185
1 1 44 42 77
1 1 44 30 166
1 1 44 38 135
1 1 48 31 83
2 1 44 31 189
2 1 48 31 79
2 1 44 31 83
2 1 44 38 131
2 1 44 37 168
2 1 44 37 176
2 1 48 32 185
2 1 52 35 126
2 1 44 37 187
2 1 44 38 127
2 1 44 35 122
2 1 48 28 86
2 1 44 38 135
2 1 44 38 143
2 1 52 34 101
2 1 44 32 185
2 1 44 42 73
2 1 44 30 166
3 1 44 38 123
3 1 56 30 83
3 1 48 31 83
3 1 44 31 79
3 1 44 37 168
3 1 44 37 176
3 1 48 32 181
3 1 44 37 187
3 1 44 38 127
4 1 44 38 123

Characters 46
Foods 30
Newest_Generation 4
Oldest_Generation 0
Perished 17
Newborn 16
Days 7

0 1 44 40 77
0 1 44 38 135
1 1 44 38 135
1 1 44 37 183
1 1 44 32 189
1 1 44 42 77
1 1 48 32 185
1 1 52 34 109
1 1 44 35 126
1 1 44 35 130
1 1 48 28 86
1 1 44 40 77
2 1 44 37 187
2 1 44 42 73
2 1 44 37 168
2 1 44 35 122
2 1 44 38 131
2 1 44 38 135
2 1 44 32 185
2 1 52 34 101
2 1 44 37 176
2 1 48 31 79
2 1 48 32 185
2 1 48 28 86
2 1 44 31 189
2 1 44 38 135
2 1 44 42 81
2 1 48 32 185
2 1 44 35 122
2 1 44 35 130
2 1 48 28 90
3 1 44 37 176
3 1 48 31 83
3 1 56 30 83
3 1 44 38 123
3 1 44 38 127
3 1 44 43 73
3 1 44 38 131
3 1 44 37 135
3 1 44 32 189
3 1 48 27 86
4 1 44 38 123
4 1 44 37 176
4 1 56 30 87
4 1 44 38 123
4 1 44 38 127

Characters 42
Foods 30
Newest_Generation 5
Oldest_Generation 0
Perished 16
Newborn 12
Days 8

0 1 44 40 77
0 1 44 38 135
1 1 44 37 183
1 1 44 38 135
1 1 44 40 77
1 1 48 32 185
1 1 52 34 109
1 1 44 32 189
1 1 44 39 135
2 1 44 37 176
2 1 44 31 189
2 1 44 38 135
2 1 44 42 81
2 1 44 38 131
2 1 44 35 122
2 1 48 28 86
2 1 48 28 90
2 1 48 32 185
2 1 44 35 122
2 1 52 34 101
2 1 44 37 187
2 1 44 37 183
2 1 48 31 185
2 1 52 34 109
3 1 48 31 83
3 1 48 27 86
3 1 56 30 83
3 1 44 37 135
3 1 44 38 131
3 1 44 38 127
3 1 44 43 73
3 1 44 37 180
3 1 48 28 86
3 1 48 28 90
3 1 48 32 185
3 1 44 35 122
4 1 44 38 123
4 1 56 30 87
4 1 44 38 123
4 1 44 39 131
5 1 64 30 87
5 1 44 38 123

Characters 46
Foods 30
Newest_Generation 6
Oldest_Generation 0
Perished 12
Newborn 16
Days 9

0 1 44 38 135
1 1 44 38 135
1 1 44 32 189
1 1 48 32 185
1 1 44 40 77
1 1 44 37 183
1 1 44 39 135
1 1 52 34 109
2 1 44 37 183
2 1 52 34 101
2 1 44 37 176
2 1 48 32 185
2 1 44 35 122
2 1 44 31 189
2 1 44 38 131
2 1 44 42 81
2 1 44 35 122
2 1 44 38 135
2 1 52 34 109
2 1 48 28 90
2 1 44 40 73
2 1 44 39 143
3 1 48 31 83
3 1 44 35 122
3 1 44 38 127
3 1 48 28 86
3 1 56 30 83
3 1 44 38 131
3 1 44 37 135
3 1 44 37 183
3 1 52 34 101
3 1 44 37 180
3 1 44 38 131
3 1 44 42 81
3 1 52 34 109
3 1 48 28 90
4 1 44 39 131
4 1 56 30 87
4 1 44 34 122
4 1 52 28 86
4 1 52 30 83
4 1 44 39 131
5 1 64 30 87
5 1 44 39 131
5 1 60 30 87
6 1 64 30 79

Characters 46
Foods 30
Newest_Generation 6
Oldest_Generation 0
Perished 16
Newborn 16
Days 10

0 1 44 38 135
1 1 44 40 77
1 1 44 39 135
1 1 48 32 185
1 1 44 32 189
1 1 44 38 135
2 1 52 34 101
2 1 44 38 131
2 1 44 35 122
2 1 52 34 109
2 1 44 38 135
2 1 44 39 143
2 1 44 42 81
2 1 44 37 176
2 1 48 32 185
2 1 48 28 90
2 1 44 40 77
2 1 48 31 185
3 1 44 37 183
3 1 44 37 135
3 1 44 38 131
3 1 52 34 109
3 1 44 42 81
3 1 44 37 180
3 1 48 31 83
3 1 44 38 127
3 1 52 33 101
3 1 44 38 131
3 1 52 34 109
3 1 44 39 143
3 1 44 42 85
3 1 48 37 176
3 1 44 28 90
4 1 44 39 131
4 1 52 30 83
4 1 44 39 131
4 1 44 34 122
4 1 44 38 131
4 1 44 43 81
5 1 64 30 87
5 1 44 39 131
5 1 52 39 131
5 1 44 34 122
6 1 64 30 79
6 1 56 30 87
6 1 44 39 123

Characters 47
Foods 30
Newest_Generation 6
Oldest_Generation 0
Perished 16
Newborn 17
Days 11

0 1 44 38 135
1 1 44 40 77
1 1 48 32 185
1 1 44 39 135
1 1 44 38 135
1 1 44 32 189
2 1 44 38 135
2 1 44 38 131
2 1 52 34 101
2 1 44 35 122
2 1 44 39 143
2 1 44 40 77
2 1 48 32 185
2 1 44 37 176
2 1 44 42 81
2 1 52 34 109
2 1 48 30 185
2 1 44 39 139
2 1 44 38 135
2 1 44 32 197
3 1 44 37 135
3 1 44 38 127
3 1 44 38 131
3 1 44 37 180
3 1 52 34 109
3 1 52 33 101
3 1 44 42 81
3 1 52 34 101
3 1 44 35 122
3 1 44 40 73
3 1 48 32 185
3 1 44 37 176
3 1 44 43 81
4 1 44 43 81
4 1 44 39 131
4 1 44 39 131
4 1 44 38 135
4 1 44 38 139
4 1 44 37 176
4 1 52 34 105
4 1 44 42 81
5 1 44 39 131
5 1 52 39 131
5 1 64 30 87
5 1 44 39 135
6 1 64 30 79
6 1 64 30 87

Characters 44
Foods 30
Newest_Generation 7
Oldest_Generation 1
Perished 17
Newborn 14
Days 12

1 1 44 38 135
1 1 48 32 185
1 1 44 40 77
2 1 52 34 109
2 1 44 35 122
2 1 44 40 77
2 1 44 42 81
2 1 48 32 185
2 1 52 34 101
2 1 44 32 197
3 1 52 34 109
3 1 52 34 101
3 1 44 37 176
3 1 44 42 81
3 1 44 38 127
3 1 44 40 73
3 1 52 33 101
3 1 44 37 180
3 1 44 40 77
3 1 44 42 81
3 1 52 34 101
3 1 44 32 197
4 1 52 34 105
4 1 44 38 135
4 1 44 43 81
4 1 44 42 81
4 1 44 37 176
4 1 44 39 131
4 1 44 39 131
4 1 48 34 101
4 1 44 38 127
4 1 52 33 105
4 1 48 37 180
5 1 44 39 135
5 1 44 39 131
5 1 64 30 87
5 1 44 39 135
5 1 44 39 131
6 1 64 30 79
6 1 64 30 87
6 1 44 39 127
6 1 44 38 131
6 1 64 30 91
7 1 64 29 87

Characters 44
Foods 30
Newest_Generation 8
Oldest_Generation 1
Perished 14
Newborn 14
Days 13

1 1 44 40 77
2 1 48 32 185
2 1 52 34 101
2 1 44 40 77
2 1 44 32 197
2 1 44 35 122
2 1 52 34 109
3 1 52 34 109
3 1 52 34 101
3 1 44 38 127
3 1 44 40 77
3 1 44 42 81
3 1 44 37 180
3 1 52 34 101
3 1 44 35 122
4 1 44 38 127
4 1 44 42 81
4 1 48 37 180
4 1 44 39 131
4 1 44 37 176
4 1 44 39 131
4 1 52 34 105
4 1 44 37 127
4 1 44 42 81
4 1 52 37 180
4 1 52 34 101
5 1 44 39 131
5 1 44 39 131
5 1 44 39 135
5 1 44 39 135
5 1 44 38 127
5 1 44 42 81
5 1 48 37 180
5 1 44 39 139
5 1 48 34 105
6 1 64 30 79
6 1 44 38 131
6 1 64 30 91
6 1 64 30 87
6 1 44 39 135
6 1 44 39 143
7 1 64 29 87
7 1 64 29 91
8 1 64 29 87

Characters 46
Foods 30
Newest_Generation 8
Oldest_Generation 1
Perished 14
Newborn 16
Days 14

1 1 44 40 77
2 1 48 32 185
2 1 44 35 122
2 1 44 40 77
2 1 52 34 109
3 1 52 34 101
3 1 44 42 81
3 1 44 38 127
3 1 52 34 109
3 1 44 35 122
3 1 44 40 77
3 1 52 34 101
3 1 48 32 193
3 1 44 39 77
3 1 60 34 109
4 1 48 37 180
4 1 44 38 127
4 1 52 34 101
4 1 44 37 127
4 1 44 39 131
4 1 44 42 81
4 1 44 39 131
4 1 44 37 176
4 1 44 42 81
4 1 44 35 122
4 1 44 40 85
4 1 52 34 101
5 1 48 37 180
5 1 44 38 127
5 1 44 39 135
5 1 44 39 139
5 1 44 39 135
5 1 44 42 81
5 1 44 39 131
5 1 52 38 127
5 1 44 36 127
5 1 44 39 131
6 1 44 39 143
6 1 64 30 87
6 1 44 38 127
6 1 44 41 135
6 1 44 37 139
6 1 44 39 135
7 1 64 29 87
7 1 44 39 151
7 1 72 30 87

Characters 42
Foods 30
Newest_Generation 8
Oldest_Generation 1
Perished 16
Newborn 12
Days 15

1 1 44 40 77
2 1 44 40 77
2 1 44 35 122
3 1 44 35 122
3 1 52 34 109
3 1 52 34 101
3 1 48 32 193
3 1 44 38 127
3 1 44 40 77
3 1 44 42 81
3 1 44 35 122
4 1 44 42 81
4 1 52 34 101
4 1 44 42 81
4 1 44 38 127
4 1 44 37 127
4 1 44 40 85
4 1 48 37 180
4 1 44 35 122
4 1 52 36 101
4 1 44 40 81
5 1 44 39 135
5 1 44 42 81
5 1 44 38 127
5 1 44 39 135
5 1 44 39 139
5 1 52 38 127
5 1 48 37 180
5 1 44 39 131
5 1 44 41 85
5 1 48 37 180
6 1 44 41 135
6 1 44 38 127
6 1 44 37 139
6 1 64 30 87
6 1 44 39 135
6 1 44 38 119
6 1 44 39 135
7 1 44 39 151
7 1 44 38 127
7 1 44 37 139
8 1 44 40 151

Characters 44
Foods 30
Newest_Generation 9
Oldest_Generation 2
Perished 12
Newborn 14
Days 16

2 1 44 40 77
3 1 44 38 127
3 1 44 35 122
3 1 44 42 81
3 1 52 34 101
3 1 44 40 77
3 1 44 35 122
4 1 52 34 101
4 1 44 35 122
4 1 48 37 180
4 1 44 38 127
4 1 44 37 127
4 1 44 38 127
4 1 44 40 81
4 1 44 35 118
5 1 44 41 85
5 1 48 37 180
5 1 44 39 135
5 1 52 38 127
5 1 44 39 139
5 1 44 39 135
5 1 44 38 127
5 1 44 42 81
5 1 44 38 127
6 1 44 38 127
6 1 44 38 119
6 1 44 37 139
6 1 44 39 135
6 1 44 41 135
6 1 44 39 135
6 1 44 41 85
6 1 48 37 180
6 1 44 39 131
6 1 56 38 127
6 1 44 39 139
7 1 44 38 127
7 1 44 37 139
7 1 44 39 151
7 1 44 39 127
7 1 44 39 135
8 1 44 40 151
8 1 44 39 127
8 1 44 37 139
9 1 44 40 151

Characters 46
Foods 30
Newest_Generation 9
Oldest_Generation 2
Perished 14
Newborn 16
Days 17

2 1 44 40 77
3 1 44 42 81
3 1 44 40 77
4 1 44 37 127
4 1 44 35 122
4 1 44 35 118
4 1 48 37 180
4 1 52 34 101
4 1 44 41 81
4 1 44 40 77
5 1 44 39 135
5 1 52 38 127
5 1 44 42 81
5 1 44 41 85
5 1 44 38 127
5 1 44 38 127
5 1 44 39 135
5 1 44 36 127
5 1 44 35 122
5 1 48 37 180
6 1 44 38 119
6 1 44 38 127
6 1 44 39 139
6 1 44 41 85
6 1 44 39 135
6 1 48 37 180
6 1 44 39 131
6 1 44 41 135
6 1 56 38 127
6 1 48 39 135
6 1 52 38 127
6 1 44 41 85
7 1 44 37 139
7 1 44 39 127
7 1 44 39 151
7 1 44 39 131
7 1 44 41 85
7 1 44 39 135
7 1 48 37 180
7 1 44 41 135
8 1 44 39 127
8 1 44 40 151
8 1 44 37 139
9 1 44 40 151
9 1 44 39 127
9 1 44 40 155

Characters 45
Foods 30
Newest_Generation 9
Oldest_Generation 3
Perished 16
Newborn 15
Days 18

3 1 44 42 81
3 1 44 40 77
4 1 44 35 118
4 1 44 40 77
4 1 44 35 122
4 1 48 37 180
4 1 44 37 127
5 1 52 38 127
5 1 44 38 127
5 1 44 36 127
5 1 44 38 127
5 1 44 35 118
5 1 44 40 77
5 1 44 35 122
5 1 48 37 172
6 1 48 39 135
6 1 44 41 85
6 1 52 38 127
6 1 56 38 127
6 1 44 41 135
6 1 44 39 131
6 1 44 38 119
6 1 44 38 127
6 1 48 37 180
6 1 44 39 135
6 1 44 39 139
6 1 52 38 127
6 1 44 36 127
7 1 48 37 180
7 1 44 41 85
7 1 44 39 127
7 1 44 41 135
7 1 44 37 139
7 1 44 39 131
7 1 44 39 151
7 1 44 41 85
7 1 52 38 127
7 1 48 37 184
7 1 44 39 139
8 1 52 37 180
8 1 48 41 85
8 1 44 37 131
8 1 44 39 131
8 1 44 39 151
9 1 44 39 127

Characters 44
Foods 30
Newest_Generation 9
Oldest_Generation 4
Perished 15
Newborn 14
Days 19

4 1 44 37 127
4 1 44 40 77
4 1 44 35 118
4 1 44 35 122
4 1 48 37 180
5 1 44 36 127
5 1 44 38 127
5 1 48 37 172
5 1 44 40 77
5 1 52 38 127
5 1 44 35 122
5 1 44 38 127
5 1 44 36 118
6 1 52 38 127
6 1 44 41 135
6 1 44 41 85
6 1 44 39 139
6 1 48 37 180
6 1 44 39 131
6 1 44 36 127
6 1 48 37 172
6 1 48 35 122
7 1 44 41 135
7 1 44 39 139
7 1 44 39 131
7 1 52 38 127
7 1 44 39 151
7 1 44 37 139
7 1 44 41 85
7 1 52 38 127
7 1 44 41 135
7 1 44 41 85
7 1 44 39 139
7 1 44 39 131
8 1 44 39 131
8 1 48 41 85
8 1 52 37 180
8 1 44 39 151
8 1 44 41 135
8 1 44 39 139
8 1 52 38 127
9 1 44 39 127
9 1 48 41 85
9 1 44 39 151

Characters 45
Foods 30
Newest_Generation 10
Oldest_Generation 4
Perished 14
Newborn 15
Days 20

4 1 44 35 118
4 1 44 40 77
4 1 48 37 180
5 1 52 38 127
5 1 44 36 118
5 1 44 38 127
5 1 44 36 127
5 1 44 40 77
5 1 44 36 118
5 1 44 40 77
5 1 52 37 180
6 1 52 38 127
6 1 44 36 127
6 1 44 39 131
6 1 48 35 122
6 1 44 41 135
6 1 44 41 85
6 1 52 38 119
6 1 44 38 127
7 1 44 41 135
7 1 44 41 85
7 1 52 38 127
7 1 44 41 135
7 1 44 41 85
7 1 44 39 131
7 1 44 39 139
7 1 52 38 127
7 1 44 36 123
7 1 48 37 122
7 1 44 41 139
7 1 44 41 85
8 1 44 39 139
8 1 52 37 180
8 1 48 41 85
8 1 52 38 127
8 1 44 39 151
8 1 44 41 135
8 1 44 41 135
8 1 52 38 127
9 1 44 39 151
9 1 44 39 127
9 1 48 41 85
9 1 60 37 180
9 1 48 41 85
10 1 44 39 127

Characters 47
Foods 30
Newest_Generation 10
Oldest_Generation 4
Perished 15
Newborn 17
Days 21

4 1 48 37 180
4 1 44 40 77
5 1 52 37 180
5 1 44 38 127
5 1 44 40 77
5 1 44 36 127
5 1 44 40 77
5 1 48 37 180
5 1 44 40 77
6 1 44 36 127
6 1 44 38 127
6 1 52 38 119
6 1 48 35 122
6 1 44 41 135
6 1 44 41 85
6 1 44 38 123
6 1 44 40 77
6 1 52 40 77
7 1 48 37 122
7 1 44 41 139
7 1 44 41 85
7 1 44 39 131
7 1 52 38 127
7 1 52 38 127
7 1 44 39 139
7 1 44 41 135
7 1 44 41 85
7 1 44 36 123
7 1 52 38 119
7 1 44 35 122
7 1 44 41 85
8 1 52 37 180
8 1 44 41 135
8 1 44 39 151
8 1 52 38 127
8 1 44 37 122
8 1 44 41 89
8 1 56 38 127
8 1 56 38 127
8 1 44 39 139
8 1 48 41 85
9 1 60 37 180
9 1 48 41 85
9 1 48 41 85
9 1 44 39 151
9 1 44 39 151
9 1 52 40 127

Characters 44
Foods 30
Newest_Generation 10
Oldest_Generation 4
Perished 17
Newborn 14
Days 22

4 1 48 37 180
5 1 48 37 180
5 1 44 38 127
5 1 52 37 180
5 1 44 40 77
5 1 44 40 77
6 1 52 38 119
6 1 48 35 122
6 1 44 41 135
6 1 44 38 127
6 1 56 37 180
6 1 44 38 127
6 1 52 37 176
6 1 44 40 69
7 1 48 37 122
7 1 44 41 85
7 1 44 41 85
7 1 44 41 85
7 1 44 41 139
7 1 44 35 122
7 1 44 36 123
7 1 44 39 139
7 1 52 38 127
7 1 44 39 131
7 1 52 38 119
7 1 48 35 122
8 1 44 37 122
8 1 56 38 127
8 1 48 41 85
8 1 44 39 151
8 1 44 41 89
8 1 44 41 139
8 1 44 36 122
8 1 44 39 139
9 1 44 39 151
9 1 48 41 85
9 1 52 40 127
9 1 44 39 151
9 1 48 41 85
9 1 44 37 126
9 1 56 38 131
9 1 44 39 151
10 1 44 39 147
10 1 52 41 85

Characters 44
Foods 30
Newest_Generation 11
Oldest_Generation 4
Perished 14
Newborn 14
Days 23

4 1 48 37 180
5 1 44 40 77
5 1 44 40 77
6 1 44 40 69
6 1 44 38 127
6 1 52 37 176
6 1 44 41 135
6 1 52 38 119
6 1 56 37 180
7 1 44 41 85
7 1 44 39 139
7 1 44 41 85
7 1 52 38 119
7 1 44 39 131
7 1 44 36 123
7 1 52 38 127
7 1 44 41 85
7 1 52 37 176
7 1 44 41 135
8 1 44 36 122
8 1 44 37 122
8 1 44 41 139
8 1 44 39 151
8 1 56 38 127
8 1 44 41 89
8 1 44 39 139
8 1 44 41 85
8 1 44 43 85
8 1 44 39 131
8 1 44 36 123
8 1 56 38 127
9 1 44 37 126
9 1 48 41 85
9 1 56 38 131
9 1 44 39 151
9 1 44 37 122
9 1 44 41 131
9 1 44 39 151
9 1 48 39 139
10 1 44 39 147
10 1 52 41 85
10 1 44 37 126
11 1 44 39 147
11 1 60 41 85

Characters 42
Foods 30
Newest_Generation 12
Oldest_Generation 5
Perished 14
Newborn 12
Days 24

5 1 44 40 77
5 1 44 40 77
6 1 44 41 135
6 1 44 40 69
6 1 52 38 119
6 1 52 37 176
6 1 44 38 127
6 1 44 40 77
6 1 44 40 85
7 1 44 36 123
7 1 52 38 127
7 1 44 41 85
7 1 52 38 119
7 1 44 39 131
7 1 44 41 85
7 1 44 41 135
7 1 44 38 127
8 1 56 38 127
8 1 44 39 151
8 1 44 41 85
8 1 56 38 127
8 1 44 36 122
8 1 44 41 89
8 1 44 43 85
8 1 44 39 139
8 1 44 37 122
8 1 48 41 85
8 1 44 39 135
9 1 44 39 151
9 1 44 41 131
9 1 56 38 131
9 1 48 39 139
9 1 44 39 151
9 1 56 36 127
9 1 44 42 85
9 1 44 37 122
10 1 44 37 126
10 1 44 39 155
10 1 48 39 139
11 1 44 39 147
11 1 60 41 85
12 1 60 41 81

Characters 49
Foods 30
Newest_Generation 13
Oldest_Generation 6
Perished 12
Newborn 19
Days 25

6 1 52 38 119
6 1 44 41 135
6 1 44 38 127
6 1 44 40 69
6 1 44 40 85
7 1 44 36 123
7 1 52 38 119
7 1 44 41 85
7 1 52 38 127
7 1 44 41 143
7 1 44 38 127
7 1 44 38 85
8 1 44 41 89
8 1 56 38 127
8 1 44 39 135
8 1 44 39 139
8 1 44 36 122
8 1 56 38 127
8 1 44 41 85
8 1 44 39 151
8 1 48 41 85
8 1 44 43 85
8 1 44 36 131
8 1 52 38 115
8 1 44 41 85
9 1 48 39 139
9 1 44 39 151
9 1 56 36 127
9 1 44 39 151
9 1 56 38 131
9 1 44 41 89
9 1 44 39 135
9 1 44 42 85
9 1 48 39 151
9 1 44 41 85
10 1 48 39 139
10 1 44 39 155
10 1 44 37 126
10 1 48 39 139
10 1 44 39 159
10 1 56 36 127
10 1 56 38 139
11 1 44 39 147
11 1 60 41 85
11 1 44 39 155
11 1 44 37 126
12 1 60 41 81
12 1 60 41 85
13 1 60 41 73

Characters 44
Foods 30
Newest_Generation 13
Oldest_Generation 6
Perished 19
Newborn 14
Days 26

6 1 52 38 119
6 1 44 40 85
7 1 44 41 85
7 1 44 38 127
7 1 44 41 143
7 1 52 38 119
7 1 44 36 123
7 1 56 38 119
7 1 44 40 85
8 1 44 39 135
8 1 52 38 115
8 1 48 41 85
8 1 56 38 127
8 1 44 41 85
8 1 56 38 127
8 1 44 36 131
9 1 56 38 131
9 1 44 39 135
9 1 44 39 151
9 1 44 41 89
9 1 48 39 139
9 1 48 39 151
9 1 56 39 127
10 1 56 36 127
10 1 48 39 139
10 1 44 39 159
10 1 48 39 139
10 1 60 38 131
10 1 44 39 151
10 1 44 41 89
10 1 48 39 143
10 1 56 39 151
11 1 60 41 85
11 1 44 37 126
11 1 44 39 155
11 1 44 39 147
11 1 48 39 139
11 1 48 39 139
12 1 60 41 81
12 1 60 41 85
12 1 60 41 85
12 1 44 37 126
12 1 52 39 155
12 1 44 39 147

Characters 48
Foods 30
Newest_Generation 13
Oldest_Generation 6
Perished 14
Newborn 18
Days 27

6 1 52 38 119
7 1 44 38 127
7 1 44 41 85
7 1 44 40 85
7 1 44 36 123
7 1 52 38 119
7 1 44 41 143
7 1 56 38 119
8 1 52 38 115
8 1 56 38 127
8 1 44 38 127
8 1 44 41 89
8 1 44 41 143
9 1 56 39 127
9 1 48 39 139
9 1 44 39 151
9 1 48 39 151
9 1 44 39 135
9 1 44 41 89
9 1 56 38 131
9 1 52 38 115
9 1 56 38 127
10 1 44 41 89
10 1 44 39 159
10 1 48 39 143
10 1 56 39 151
10 1 48 39 139
10 1 60 38 131
10 1 56 39 135
10 1 48 38 139
10 1 52 39 151
10 1 44 39 135
11 1 60 41 85
11 1 44 39 155
11 1 48 39 139
11 1 48 39 139
11 1 44 39 147
11 1 44 37 159
11 1 60 38 131
12 1 60 41 85
12 1 60 41 81
12 1 60 41 85
12 1 64 41 85
12 1 44 39 159
12 1 48 40 139
12 1 48 41 139
13 1 60 41 85
13 1 60 41 89

Characters 44
Foods 30
Newest_Generation 13
Oldest_Generation 6
Perished 18
Newborn 14
Days 28

6 1 52 38 119
7 1 44 41 143
7 1 56 38 119
7 1 52 38 119
7 1 44 36 123
8 1 44 41 89
8 1 52 38 115
8 1 44 38 127
8 1 56 38 127
8 1 44 41 143
8 1 52 41 143
9 1 52 38 115
9 1 44 39 151
9 1 56 39 127
9 1 48 39 139
9 1 48 39 151
9 1 56 38 127
9 1 44 39 135
9 1 52 38 115
9 1 56 38 131
9 1 44 41 135
10 1 44 39 135
10 1 60 38 131
10 1 56 39 135
10 1 44 39 159
10 1 56 39 151
10 1 44 39 155
10 1 56 39 127
10 1 56 38 119
11 1 44 39 147
11 1 48 39 139
11 1 60 38 131
11 1 48 39 135
11 1 52 39 135
12 1 48 41 139
12 1 64 41 85
12 1 48 40 139
12 1 60 41 85
12 1 44 39 147
12 1 48 39 139
12 1 60 38 131
13 1 60 41 85
13 1 64 40 85
13 1 60 41 85

Characters 47
Foods 30
Newest_Generation 14
Oldest_Generation 6
Perished 14
Newborn 17
Days 29

6 1 52 38 119
7 1 44 41 143
7 1 52 38 119
8 1 52 38 115
8 1 52 41 143
8 1 56 38 127
8 1 44 38 127
8 1 44 41 89
9 1 56 38 131
9 1 44 39 151
9 1 48 39 139
9 1 52 38 115
9 1 44 39 135
9 1 56 39 127
9 1 48 39 151
9 1 44 41 135
9 1 56 38 127
9 1 48 38 115
9 1 52 41 143
9 1 64 38 127
9 1 44 41 89
10 1 56 39 151
10 1 44 39 135
10 1 56 39 135
10 1 56 39 127
10 1 56 38 131
10 1 52 39 151
10 1 48 39 139
10 1 52 38 115
10 1 56 38 123
11 1 48 39 135
11 1 60 38 131
11 1 56 39 151
11 1 52 39 135
11 1 56 37 127
12 1 48 39 139
12 1 60 41 85
12 1 64 41 85
12 1 44 39 147
12 1 60 38 131
12 1 48 39 135
12 1 60 38 131
13 1 60 41 85
13 1 64 40 85
13 1 44 39 139
13 1 60 40 85
14 1 64 40 85

Characters 42
Foods 30
Newest_Generation 14
Oldest_Generation 6
Perished 17
Newborn 12
Days 30

6 1 52 38 119
7 1 52 38 119
7 1 44 41 143
8 1 44 41 89
8 1 56 38 127
8 1 52 41 143
8 1 44 38 127
8 1 52 38 115
8 1 52 38 115
9 1 44 39 135
9 1 52 38 115
9 1 48 38 115
9 1 64 38 127
9 1 56 38 127
9 1 44 41 135
9 1 48 39 151
9 1 52 41 143
9 1 56 39 127
9 1 56 39 127
9 1 44 38 127
10 1 56 38 123
10 1 52 38 115
10 1 44 39 131
10 1 52 38 115
10 1 64 38 127
10 1 52 41 151
10 1 56 39 123
11 1 56 37 127
11 1 56 39 151
11 1 60 38 131
11 1 52 39 135
11 1 56 37 123
12 1 48 39 135
12 1 60 38 131
12 1 44 39 147
12 1 64 41 85
12 1 56 39 147
13 1 60 40 85
13 1 60 41 85
13 1 48 39 135
13 1 64 41 81
14 1 64 40 85

Characters 46
Foods 30
Newest_Generation 15
Oldest_Generation 7
Perished 12
Newborn 16
Days 31

7 1 44 41 143
7 1 52 38 119
8 1 56 38 127
8 1 52 41 143
8 1 44 41 89
8 1 52 38 115
8 1 52 38 115
8 1 44 41 143
9 1 56 39 127
9 1 56 38 127
9 1 52 41 143
9 1 44 41 135
9 1 48 38 115
9 1 44 39 135
9 1 56 37 127
9 1 48 41 89
9 1 52 38 107
10 1 52 38 115
10 1 56 38 123
10 1 56 39 123
10 1 44 39 131
10 1 64 38 127
10 1 56 39 127
10 1 56 38 127
10 1 44 41 135
11 1 56 37 123
11 1 60 38 131
11 1 56 37 127
11 1 52 39 135
11 1 60 38 123
11 1 64 36 127
12 1 44 39 147
12 1 56 39 147
12 1 64 41 85
12 1 60 38 131
12 1 60 39 131
13 1 64 41 81
13 1 60 41 85
13 1 48 39 135
13 1 44 38 147
13 1 56 39 143
13 1 64 42 85
13 1 64 38 131
14 1 64 40 85
14 1 60 41 85
15 1 64 40 85
